00000007   -51.5   4   1   
00000007   -49.5   4   2   
00000007   -52.5   4   3   
00000007   -53   4   4   
00000007   -51.5   4   1   
00000007   -49.5   4   2   
00000007   -52.5   4   3   
00000007   -53   2   4   
00000007   -51.5   3   1   
00000007   -49.5   4   2   
00000007   -52.5   4   3   
00000007   -53   3   4   
00000007   -51.5   4   1   
00000007   -49   4   2   
00000007   -52.5   4   3   
00000007   -53.5   2   4   
00000007   -51.5   3   1   
00000007   -49.5   4   2   
00000007   -52.5   4   3   
00000007   -53.5   3   4   
00000007   -51.5   4   1   
00000007   -49.5   4   2   
00000007   -52.5   4   3   
00000007   -53   3   4   
