00000007   -55   4   1   
00000007   -46.5   4   2   
00000007   -56.5   4   3   
00000007   -51.5   3   4   
00000007   -55   4   1   
00000007   -46.5   4   2   
00000007   -57   4   3   
00000007   -51.5   2   4   
00000007   -54.5   3   1   
00000007   -46.5   4   2   
00000007   -56   4   3   
00000007   -51.5   4   4   
30396062C39FD140000147F8   -67   2   3   
00000007   -54.5   4   1   
00000007   -47   4   2   
00000007   -57   4   3   
00000007   -51   2   4   
30396062C39FD140000147F8   -65   3   3   
00000007   -55.5   3   1   
00000007   -46.5   4   2   
00000007   -57   4   3   
00000007   -51.5   2   4   
00000007   -55   3   1   
00000007   -46.5   4   2   
00000007   -57.5   4   3   
00000007   -51.5   3   4   
