00000007   -52   4   1   
00000007   -57   4   2   
00000007   -46.5   4   3   
00000007   -53.5   3   4   
00000007   -52   4   1   
00000007   -57   4   2   
00000007   -46.5   4   3   
00000007   -53.5   2   4   
00000007   -52   3   1   
00000007   -57   4   2   
00000007   -46.5   4   3   
00000007   -53.5   3   4   
00000007   -52   4   1   
00000007   -57   4   2   
00000007   -46.5   4   3   
00000007   -53.5   2   4   
00000007   -52.5   3   1   
00000007   -57   4   2   
00000007   -46.5   4   3   
00000007   -53.5   3   4   
00000007   -52   4   1   
00000007   -57   4   2   
00000007   -46.5   4   3   
00000007   -53.5   3   4   
