30396062C39FD140000147F8   -65   4   3   
00000007   -50.5   4   1   
00000007   -50.5   4   2   
00000007   -52.5   4   3   
00000007   -52   3   4   
30396062C39FD140000147F8   -65   4   3   
00000007   -50.5   4   1   
00000007   -50.5   4   2   
00000007   -52.5   4   3   
00000007   -52   2   4   
30396062C39FD140000147F8   -65   4   3   
00000007   -50.5   4   1   
00000007   -50.5   4   2   
00000007   -52.5   4   3   
00000007   -52   2   4   
30396062C39FD140000147F8   -65   4   3   
00000007   -50.5   3   1   
00000007   -50.5   4   2   
00000007   -52.5   4   3   
00000007   -52   3   4   
30396062C39FD140000147F8   -65   4   3   
00000007   -50.5   4   1   
00000007   -50.5   4   2   
00000007   -52.5   4   3   
00000007   -52   3   4   
30396062C39FD140000147F8   -65   4   3   
00000007   -50.5   3   1   
00000007   -50.5   4   2   
00000007   -52.5   4   3   
00000007   -52   3   4   
