00000007   -54.5   4   1   
00000007   -49   4   2   
00000007   -54   4   3   
00000007   -48.5   4   4   
30396062C39FD140000147F8   -65.5   4   1   
00000007   -54.5   4   1   
00000007   -49   4   2   
00000007   -54   4   3   
00000007   -49   2   4   
30396062C39FD140000147F8   -65.5   4   1   
30396062C39FD140000147F8   -65.5   4   1   
00000007   -54.5   4   1   
00000007   -49   4   2   
00000007   -54   4   3   
00000007   -48.5   3   4   
00000007   -54.5   4   1   
00000007   -49   4   2   
00000007   -54   4   3   
00000007   -48.5   3   4   
30396062C39FD140000147F8   -66   4   1   
00000007   -54.5   4   1   
00000007   -49   4   2   
00000007   -54   4   3   
00000007   -48.5   2   4   
30396062C39FD140000147F8   -65.5   4   1   
00000007   -54.5   3   1   
00000007   -48.5   4   2   
00000007   -54   4   3   
00000007   -49   2   4   
30396062C39FD140000147F8   -65.5   4   1   
