00000007   -55.5   4   1   
00000007   -53   4   2   
00000007   -56.5   4   3   
00000007   -48   2   4   
00000007   -55.5   3   1   
00000007   -53   4   2   
00000007   -56   4   3   
00000007   -48   2   4   
00000007   -55.5   3   1   
00000007   -53   4   2   
00000007   -56.5   4   3   
00000007   -48   2   4   
00000007   -55.5   4   1   
00000007   -53   4   2   
00000007   -56.5   4   3   
00000007   -48   2   4   
00000007   -55.5   3   1   
00000007   -53   4   2   
00000007   -56   4   3   
00000007   -48   3   4   
00000007   -55.5   4   1   
00000007   -53   4   2   
00000007   -56   4   3   
00000007   -48   2   4   
