30396062C39FD140000147F8   -66   4   2   
00000007   -57   3   1   
00000007   -51.5   4   2   
00000007   -53   4   3   
00000007   -47   3   4   
30396062C39FD140000147F8   -66   4   2   
00000007   -57   4   1   
00000007   -51.5   4   2   
00000007   -53   4   3   
00000007   -47   2   4   
30396062C39FD140000147F8   -66   2   2   
00000007   -57   3   1   
00000007   -52   4   2   
00000007   -53   4   3   
00000007   -46.5   4   4   
30396062C39FD140000147F8   -66   2   2   
00000007   -57   4   1   
00000007   -51.5   4   2   
00000007   -53   4   3   
00000007   -46.5   3   4   
30396062C39FD140000147F8   -66   4   2   
00000007   -57   3   1   
00000007   -51.5   4   2   
00000007   -53   4   3   
00000007   -46.5   3   4   
00000007   -57   4   1   
00000007   -51.5   4   2   
00000007   -53   4   3   
00000007   -46.5   3   4   
