00000007   -50.5   4   1   
00000007   -58   4   2   
00000007   -46.5   4   3   
00000007   -53   2   4   
00000007   -50.5   3   1   
00000007   -58.5   4   2   
00000007   -47   4   3   
00000007   -52.5   4   4   
00000007   -50   4   1   
00000007   -58.5   4   2   
00000007   -47   4   3   
00000007   -52.5   3   4   
00000007   -50   4   1   
00000007   -58   4   2   
00000007   -46.5   4   3   
00000007   -53   2   4   
00000007   -50   3   1   
00000007   -58.5   4   2   
00000007   -46.5   4   3   
00000007   -53   2   4   
00000007   -50   4   1   
00000007   -58   4   2   
00000007   -46.5   4   3   
00000007   -53.5   4   4   
