00000007   -47   3   1   
00000007   -50.5   4   2   
00000007   -53   4   3   
00000007   -56.5   4   4   
00000007   -47   4   1   
00000007   -50.5   4   2   
00000007   -53   4   3   
00000007   -57   2   4   
00000007   -47   3   1   
00000007   -50.5   4   2   
00000007   -53   4   3   
00000007   -56.5   4   4   
00000007   -47   4   1   
00000007   -50.5   4   2   
00000007   -53   4   3   
00000007   -56.5   4   4   
00000007   -47   4   1   
00000007   -50.5   4   2   
00000007   -53   4   3   
00000007   -57   2   4   
00000007   -47   4   1   
00000007   -50.5   4   2   
00000007   -53   4   3   
00000007   -56.5   4   4   
