00000007   -50   4   1   
00000007   -54.5   4   2   
00000007   -51   4   3   
00000007   -54.5   4   4   
00000007   -50   4   1   
00000007   -54.5   4   2   
00000007   -51   4   3   
00000007   -54.5   2   4   
00000007   -50   4   1   
00000007   -54.5   4   2   
00000007   -51   4   3   
00000007   -54.5   3   4   
00000007   -50   4   1   
00000007   -54.5   4   2   
00000007   -50.5   4   3   
00000007   -55   3   4   
00000007   -50   4   1   
00000007   -54   4   2   
00000007   -51   4   3   
00000007   -54.5   3   4   
00000007   -50   4   1   
00000007   -54   4   2   
00000007   -51   4   3   
00000007   -55   3   4   
