00000007   -47   4   1   
00000007   -54   4   2   
00000007   -52   4   3   
00000007   -55.5   2   4   
00000007   -47   3   1   
00000007   -53.5   4   2   
00000007   -52   4   3   
00000007   -56   3   4   
00000007   -47   4   1   
00000007   -54   4   2   
00000007   -52   4   3   
00000007   -55.5   2   4   
00000007   -47   4   1   
00000007   -53.5   4   2   
00000007   -52.5   4   3   
00000007   -55.5   4   4   
00000007   -47   4   1   
00000007   -54   4   2   
00000007   -52   4   3   
00000007   -55.5   2   4   
00000007   -47   3   1   
00000007   -53.5   4   2   
00000007   -52.5   4   3   
00000007   -56   2   4   
