00000007   -49   4   1   
00000007   -49.5   4   2   
00000007   -57   4   3   
00000007   -55   4   4   
00000007   -49   4   1   
00000007   -49.5   4   2   
00000007   -57   4   3   
00000007   -55.5   4   4   
00000007   -49   4   1   
00000007   -49.5   4   2   
00000007   -57   4   3   
00000007   -55.5   4   4   
00000007   -49   4   1   
00000007   -50   4   2   
00000007   -57   4   3   
00000007   -55.5   3   4   
00000007   -49   4   1   
00000007   -50   4   2   
00000007   -57   4   3   
00000007   -55.5   4   4   
00000007   -49.5   4   1   
00000007   -50   4   2   
00000007   -56.5   4   3   
00000007   -55.5   3   4   
