00000007   -55   4   1   
00000007   -56   4   2   
00000007   -50.5   4   3   
00000007   -49.5   3   4   
00000007   -55   4   1   
00000007   -56   4   2   
00000007   -50.5   4   3   
00000007   -49.5   3   4   
00000007   -55   4   1   
00000007   -56   4   2   
00000007   -50.5   4   3   
00000007   -49.5   2   4   
00000007   -55   3   1   
00000007   -56   4   2   
00000007   -50.5   4   3   
00000007   -49.5   2   4   
00000007   -55.5   4   1   
00000007   -56   4   2   
00000007   -50.5   4   3   
00000007   -49.5   2   4   
00000007   -55   3   1   
00000007   -56   4   2   
00000007   -50.5   4   3   
00000007   -49.5   3   4   
