00000007   -54   4   1   
00000007   -47.5   4   2   
00000007   -55.5   4   3   
00000007   -54   4   4   
00000007   -54   4   1   
00000007   -47.5   4   2   
00000007   -55.5   4   3   
00000007   -54.5   3   4   
00000007   -54   4   1   
00000007   -47.5   4   2   
00000007   -55.5   4   3   
00000007   -54   4   4   
00000007   -54.5   4   1   
00000007   -47.5   4   2   
00000007   -55   4   3   
00000007   -53.5   3   4   
00000007   -54.5   4   1   
00000007   -47.5   4   2   
00000007   -55   4   3   
00000007   -53.5   4   4   
00000007   -55   4   1   
00000007   -47.5   4   2   
00000007   -55   4   3   
00000007   -53.5   4   4   
