00000007   -54.5   4   1   
00000007   -50.5   4   2   
00000007   -52.5   4   3   
00000007   -48   3   4   
00000007   -54.5   4   1   
00000007   -50.5   4   2   
00000007   -52.5   4   3   
00000007   -48   3   4   
00000007   -54.5   4   1   
00000007   -50.5   4   2   
00000007   -52.5   4   3   
00000007   -48   3   4   
00000007   -55   4   1   
00000007   -50.5   4   2   
00000007   -52.5   4   3   
00000007   -48   4   4   
00000007   -54.5   4   1   
00000007   -50.5   4   2   
00000007   -53   4   3   
00000007   -48   3   4   
00000007   -54.5   4   1   
00000007   -50.5   4   2   
00000007   -53   4   3   
00000007   -48.5   2   4   
