00000007   -54.5   4   1   
00000007   -45   4   2   
00000007   -60.5   4   3   
00000007   -49.5   3   4   
00000007   -54   4   1   
00000007   -45   4   2   
00000007   -61   4   3   
00000007   -49.5   2   4   
00000007   -54   4   1   
00000007   -45   4   2   
00000007   -61.5   4   3   
00000007   -49.5   2   4   
00000007   -54   3   1   
00000007   -45   4   2   
00000007   -62   4   3   
00000007   -49.5   2   4   
00000007   -54   3   1   
00000007   -45   4   2   
00000007   -61.5   4   3   
00000007   -49.5   4   4   
00000007   -54   4   1   
00000007   -45   4   2   
00000007   -60.5   4   3   
00000007   -49.5   2   4   
