00000007   -56   3   1   
00000007   -46.5   4   2   
00000007   -58   4   3   
00000007   -51.5   4   4   
00000007   -56   4   1   
00000007   -46.5   4   2   
00000007   -58   4   3   
00000007   -51.5   4   4   
00000007   -56   4   1   
00000007   -46.5   4   2   
00000007   -58   4   3   
00000007   -51.5   4   4   
00000007   -56   4   1   
00000007   -46.5   4   2   
00000007   -58   4   3   
00000007   -52   2   4   
00000007   -56   3   1   
00000007   -46.5   4   2   
00000007   -58   4   3   
00000007   -52   3   4   
00000007   -56   3   1   
00000007   -46.5   4   2   
00000007   -58   4   3   
00000007   -51.5   2   4   
