00000007   -57.5   4   1   
00000007   -49.5   4   2   
00000007   -57   4   3   
00000007   -49.5   4   4   
00000007   -58   4   1   
00000007   -49.5   4   2   
00000007   -57   4   3   
00000007   -49.5   3   4   
00000007   -57.5   4   1   
00000007   -49.5   4   2   
00000007   -57   4   3   
00000007   -49.5   3   4   
00000007   -57.5   4   1   
00000007   -49.5   4   2   
00000007   -57   4   3   
00000007   -49.5   3   4   
00000007   -58   4   1   
00000007   -49.5   4   2   
00000007   -57   4   3   
00000007   -49.5   2   4   
00000007   -57.5   4   1   
00000007   -49.5   4   2   
00000007   -57   4   3   
00000007   -49.5   3   4   
