00000007   -58   4   1   
00000007   -55   4   2   
00000007   -56   4   3   
00000007   -45   2   4   
00000007   -58   3   1   
00000007   -55   4   2   
00000007   -56   4   3   
00000007   -45   3   4   
00000007   -58   4   1   
00000007   -55   4   2   
00000007   -56   4   3   
00000007   -45   4   4   
00000007   -58   4   1   
00000007   -55   4   2   
00000007   -56   4   3   
00000007   -45   3   4   
00000007   -58   4   1   
00000007   -55   4   2   
00000007   -55.5   4   3   
00000007   -45   4   4   
00000007   -58   4   1   
00000007   -55   4   2   
00000007   -56   4   3   
00000007   -45   3   4   
