00000007   -58.5   4   1   
00000007   -47   4   2   
00000007   -55.5   4   3   
00000007   -48.5   2   4   
00000007   -58.5   3   1   
00000007   -47   4   2   
00000007   -55.5   4   3   
00000007   -48.5   2   4   
00000007   -58.5   3   1   
00000007   -47   4   2   
00000007   -55   4   3   
00000007   -48.5   3   4   
00000007   -58   4   1   
00000007   -47   4   2   
00000007   -55.5   4   3   
00000007   -48.5   4   4   
00000007   -58   4   1   
00000007   -47   4   2   
00000007   -55.5   4   3   
00000007   -48.5   3   4   
00000007   -58   4   1   
00000007   -47   4   2   
00000007   -55.5   4   3   
00000007   -48.5   4   4   
