00000007   -57   4   1   
00000007   -53.5   4   2   
00000007   -57   4   3   
00000007   -47   2   4   
00000007   -57   3   1   
00000007   -53.5   4   2   
00000007   -57   4   3   
00000007   -47   3   4   
00000007   -57.5   4   1   
00000007   -54   4   2   
00000007   -57   4   3   
00000007   -47   2   4   
00000007   -57   3   1   
00000007   -53   4   2   
00000007   -56.5   4   3   
00000007   -47   2   4   
00000007   -57.5   4   1   
00000007   -53   4   2   
00000007   -57   4   3   
00000007   -47   4   4   
00000007   -57   4   1   
00000007   -53   4   2   
00000007   -57   4   3   
00000007   -47   3   4   
