00000007   -56   4   1   
00000007   -52   4   2   
00000007   -58   4   3   
00000007   -45.5   4   4   
00000007   -56.5   4   1   
00000007   -52   4   2   
00000007   -57.5   4   3   
00000007   -45.5   3   4   
00000007   -56.5   4   1   
00000007   -52   4   2   
00000007   -57.5   4   3   
00000007   -45.5   3   4   
00000007   -56   4   1   
00000007   -52   4   2   
00000007   -57.5   4   3   
00000007   -45.5   3   4   
00000007   -56.5   4   1   
00000007   -52   4   2   
00000007   -57.5   4   3   
00000007   -45.5   2   4   
00000007   -56.5   3   1   
00000007   -52   4   2   
00000007   -58   4   3   
00000007   -45.5   2   4   
