00000007   -46   4   1   
00000007   -53   4   2   
00000007   -53   4   3   
00000007   -57   2   4   
00000007   -46   3   1   
00000007   -53   4   2   
00000007   -53   4   3   
00000007   -57   3   4   
00000007   -46   4   1   
00000007   -53   4   2   
00000007   -53   4   3   
00000007   -57   2   4   
00000007   -46   3   1   
00000007   -53   4   2   
00000007   -53   4   3   
00000007   -57   2   4   
00000007   -46   4   1   
00000007   -53   4   2   
00000007   -53   4   3   
00000007   -57.5   3   4   
00000007   -46   4   1   
00000007   -53.5   4   2   
00000007   -53   4   3   
00000007   -57.5   2   4   
