00000007   -46.5   4   1   
00000007   -54   4   2   
00000007   -56.5   4   3   
00000007   -56   3   4   
00000007   -46.5   4   1   
00000007   -54   4   2   
00000007   -56   4   3   
00000007   -56.5   4   4   
00000007   -46.5   4   1   
00000007   -54   4   2   
00000007   -56.5   4   3   
00000007   -56.5   3   4   
00000007   -46.5   4   1   
00000007   -54   4   2   
00000007   -56.5   4   3   
00000007   -56.5   4   4   
00000007   -46.5   4   1   
00000007   -54   4   2   
00000007   -56   4   3   
00000007   -56   4   4   
00000007   -46.5   4   1   
00000007   -54   4   2   
00000007   -56.5   4   3   
00000007   -56.5   2   4   
