00000007   -54   4   1   
00000007   -54.5   4   2   
00000007   -51.5   4   3   
00000007   -49.5   3   4   
00000007   -54   3   1   
00000007   -55   4   2   
00000007   -51.5   4   3   
00000007   -49.5   3   4   
00000007   -54   4   1   
00000007   -55   4   2   
00000007   -51.5   4   3   
00000007   -49.5   3   4   
00000007   -54   4   1   
00000007   -55   4   2   
00000007   -52   4   3   
00000007   -49.5   2   4   
00000007   -54   4   1   
00000007   -55   4   2   
00000007   -52   4   3   
00000007   -49.5   2   4   
00000007   -54   3   1   
00000007   -55   4   2   
00000007   -52   4   3   
00000007   -49.5   2   4   
