00000007   -50   3   1   
00000007   -54   4   2   
00000007   -49   4   3   
00000007   -53.5   3   4   
00000007   -50   4   1   
00000007   -54.5   4   2   
00000007   -49   4   3   
00000007   -54   4   4   
00000007   -50   4   1   
00000007   -54   4   2   
00000007   -49   4   3   
00000007   -54   4   4   
00000007   -50   4   1   
00000007   -54   4   2   
00000007   -49   4   3   
00000007   -54   3   4   
00000007   -50   4   1   
00000007   -54   4   2   
00000007   -49   4   3   
00000007   -54   3   4   
00000007   -50   4   1   
00000007   -54   4   2   
00000007   -49   4   3   
00000007   -54   2   4   
