00000007   -53   4   1   
00000007   -51   4   2   
00000007   -52   4   3   
00000007   -51.5   3   4   
00000007   -53   4   1   
00000007   -50.5   4   2   
00000007   -52   4   3   
00000007   -51.5   3   4   
00000007   -53   4   1   
00000007   -50.5   4   2   
00000007   -52.5   4   3   
00000007   -51.5   2   4   
00000007   -53   3   1   
00000007   -50.5   4   2   
00000007   -52.5   4   3   
00000007   -51.5   3   4   
00000007   -52.5   4   1   
00000007   -50.5   4   2   
00000007   -52   4   3   
00000007   -51.5   3   4   
00000007   -53   5   1   
00000007   -51   4   2   
00000007   -52   4   3   
00000007   -51.5   4   4   
