00000007   -49.5   4   1   
00000007   -49.5   4   2   
00000007   -54.5   4   3   
00000007   -54.5   2   4   
00000007   -50   3   1   
00000007   -49.5   4   2   
00000007   -54.5   4   3   
00000007   -54.5   2   4   
30396062C39FD140000147F8   -66   2   1   
00000007   -50   3   1   
00000007   -49.5   4   2   
00000007   -54.5   4   3   
00000007   -54.5   4   4   
30396062C39FD140000147F8   -66   2   3   
00000007   -50   4   1   
00000007   -49.5   4   2   
00000007   -55   4   3   
00000007   -54.5   2   4   
30396062C39FD140000147F8   -66   4   3   
00000007   -50   3   1   
00000007   -49.5   4   2   
00000007   -55   4   3   
00000007   -54.5   2   4   
30396062C39FD140000147F8   -65   4   3   
00000007   -50   4   1   
00000007   -49.5   4   2   
00000007   -54.5   4   3   
00000007   -54.5   3   4   
