30396062C39FD140000147F8   -60.5   2   4   
00000007   -49.5   4   1   
00000007   -49   4   2   
00000007   -56   4   3   
00000007   -54   2   4   
30396062C39FD140000147F8   -61.5   2   4   
00000007   -49.5   3   1   
00000007   -49   4   2   
00000007   -56   4   3   
00000007   -54   3   4   
30396062C39FD140000147F8   -62   2   4   
00000007   -49.5   4   1   
00000007   -49   4   2   
00000007   -56   4   3   
00000007   -54   2   4   
30396062C39FD140000147F8   -61.5   1   4   
00000007   -49.5   3   1   
00000007   -49   4   2   
00000007   -56   4   3   
00000007   -54   2   4   
30396062C39FD140000147F8   -61.5   2   4   
00000007   -49.5   3   1   
00000007   -49   4   2   
00000007   -56   4   3   
00000007   -54   3   4   
30396062C39FD140000147F8   -61.5   2   4   
00000007   -49.5   4   1   
00000007   -49   4   2   
00000007   -56   4   3   
00000007   -54   2   4   
