00000007   -51.5   4   1   
00000007   -48   4   2   
00000007   -54   4   3   
00000007   -50.5   4   4   
00000007   -51.5   4   1   
00000007   -48   4   2   
00000007   -54   4   3   
00000007   -50.5   4   4   
00000007   -51.5   4   1   
00000007   -48   4   2   
00000007   -54   4   3   
00000007   -50.5   4   4   
00000007   -51.5   4   1   
00000007   -48   4   2   
00000007   -54   4   3   
00000007   -50.5   3   4   
00000007   -51.5   4   1   
00000007   -47.5   4   2   
00000007   -54.5   4   3   
00000007   -51   4   4   
00000007   -51.5   4   1   
00000007   -47.5   4   2   
00000007   -54   4   3   
00000007   -51   4   4   
