30396062C39FD140000147F8   -64   4   1   
00000007   -51.5   4   1   
00000007   -46   4   2   
00000007   -58.5   4   3   
00000007   -51.5   2   4   
00000007   -51.5   3   1   
00000007   -46   4   2   
00000007   -58.5   4   3   
00000007   -51.5   2   4   
30396062C39FD140000147F8   -64   4   1   
00000007   -51.5   3   1   
00000007   -46   4   2   
00000007   -58.5   4   3   
00000007   -51.5   3   4   
30396062C39FD140000147F8   -63.5   4   1   
30396062C39FD140000147F8   -64   4   1   
00000007   -51.5   4   1   
00000007   -46   4   2   
00000007   -58.5   4   3   
00000007   -52   2   4   
00000007   -51.5   3   1   
00000007   -46   4   2   
00000007   -58.5   4   3   
00000007   -51.5   2   4   
30396062C39FD140000147F8   -64   4   1   
00000007   -51.5   3   1   
00000007   -46   4   2   
00000007   -58.5   4   3   
00000007   -52   3   4   
30396062C39FD140000147F8   -64.5   4   1   
