30396062C39FD140000147F8   -66.5   4   2   
00000007   -57.5   4   1   
00000007   -54   4   2   
00000007   -53.5   4   3   
00000007   -45   2   4   
30396062C39FD140000147F8   -66   2   2   
00000007   -57.5   4   1   
00000007   -54   4   2   
00000007   -53.5   4   3   
00000007   -45   2   4   
30396062C39FD140000147F8   -65.5   4   2   
00000007   -57.5   3   1   
00000007   -54   4   2   
00000007   -53.5   4   3   
00000007   -45   2   4   
30396062C39FD140000147F8   -67   2   2   
00000007   -57.5   4   1   
00000007   -54   4   2   
00000007   -53.5   4   3   
00000007   -45   3   4   
30396062C39FD140000147F8   -66.5   2   2   
00000007   -57.5   4   1   
00000007   -54   4   2   
00000007   -53.5   4   3   
00000007   -45.5   3   4   
30396062C39FD140000147F8   -66   4   2   
00000007   -57   4   1   
00000007   -54   4   2   
00000007   -53   4   3   
00000007   -45.5   2   4   
