00000007   -44   4   1   
00000007   -55   4   2   
00000007   -57   4   3   
00000007   -63   3   4   
00000007   -44   4   1   
00000007   -55   4   2   
00000007   -57   4   3   
00000007   -63   3   4   
00000007   -44   4   1   
00000007   -55   4   2   
00000007   -57   4   3   
00000007   -63   3   4   
00000007   -44   4   1   
00000007   -55   4   2   
00000007   -57   4   3   
00000007   -63   2   4   
00000007   -44   3   1   
00000007   -55.5   4   2   
00000007   -57   4   3   
00000007   -63   4   4   
00000007   -44   4   1   
00000007   -55.5   4   2   
00000007   -57   4   3   
00000007   -63   4   4   
