00000007   -47.5   3   1   
00000007   -51.5   4   2   
00000007   -56   4   3   
00000007   -54.5   2   4   
00000007   -47.5   3   1   
00000007   -51.5   4   2   
00000007   -56   4   3   
00000007   -55   2   4   
00000007   -47.5   3   1   
00000007   -52   4   2   
00000007   -56.5   4   3   
00000007   -55   2   4   
00000007   -47.5   3   1   
00000007   -52   4   2   
00000007   -56   4   3   
00000007   -55   4   4   
00000007   -47.5   4   1   
00000007   -51.5   4   2   
00000007   -56   4   3   
00000007   -55   4   4   
00000007   -47.5   4   1   
00000007   -51.5   4   2   
00000007   -56.5   4   3   
00000007   -55   4   4   
