00000007   -52   4   1   
00000007   -50.5   4   2   
00000007   -53   4   3   
00000007   -54   3   4   
00000007   -52   4   1   
00000007   -50.5   4   2   
00000007   -53.5   4   3   
00000007   -54   2   4   
00000007   -52   3   1   
00000007   -50.5   4   2   
00000007   -53.5   4   3   
00000007   -54   3   4   
00000007   -52   4   1   
00000007   -50.5   4   2   
00000007   -53   4   3   
00000007   -54   4   4   
00000007   -52   4   1   
00000007   -51   4   2   
00000007   -53   4   3   
00000007   -54   2   4   
00000007   -52.5   3   1   
00000007   -50.5   4   2   
00000007   -53.5   4   3   
00000007   -54   3   4   
