00000007   -54   3   1   
00000007   -47   4   2   
00000007   -55.5   4   3   
00000007   -51   4   4   
00000007   -53.5   4   1   
00000007   -46.5   4   2   
00000007   -56   4   3   
00000007   -51   2   4   
00000007   -53   3   1   
00000007   -46.5   4   2   
00000007   -57   4   3   
00000007   -51.5   3   4   
00000007   -52.5   4   1   
00000007   -46.5   4   2   
00000007   -57   4   3   
00000007   -52   2   4   
00000007   -51.5   3   1   
00000007   -46.5   4   2   
00000007   -54.5   4   3   
00000007   -51.5   4   4   
00000007   -54   4   1   
00000007   -46.5   4   2   
00000007   -56   4   3   
00000007   -51.5   3   4   
