00000007   -48   4   1   
00000007   -53.5   4   2   
00000007   -50   4   3   
00000007   -58.5   3   4   
00000007   -48   4   1   
00000007   -53.5   4   2   
00000007   -50   4   3   
00000007   -58   2   4   
00000007   -48   3   1   
00000007   -53.5   4   2   
00000007   -50   4   3   
00000007   -58   2   4   
00000007   -48   3   1   
00000007   -53.5   4   2   
00000007   -50   4   3   
00000007   -58   4   4   
00000007   -48   4   1   
00000007   -53   4   2   
00000007   -50   3   3   
00000007   -58   2   4   
00000007   -48   4   1   
00000007   -53.5   4   2   
00000007   -50   4   3   
00000007   -58   4   4   
