00000007   -57   3   1   
00000007   -44   4   2   
00000007   -58   4   3   
00000007   -53   2   4   
00000007   -57   3   1   
00000007   -44   4   2   
00000007   -58.5   4   3   
00000007   -53   2   4   
00000007   -57   3   1   
00000007   -44   4   2   
00000007   -58   4   3   
00000007   -53   3   4   
00000007   -57   4   1   
00000007   -44   4   2   
00000007   -58   4   3   
00000007   -53   4   4   
00000007   -57   4   1   
00000007   -44   4   2   
00000007   -58   4   3   
00000007   -53   3   4   
00000007   -57   4   1   
00000007   -44   4   2   
00000007   -58.5   4   3   
00000007   -53   2   4   
