00000007   -57.5   3   1   
00000007   -45   4   2   
00000007   -57   4   3   
00000007   -51.5   4   4   
00000007   -57   4   1   
00000007   -45   4   2   
00000007   -57   4   3   
00000007   -51.5   4   4   
00000007   -57   4   1   
00000007   -45   4   2   
00000007   -57   4   3   
00000007   -51.5   4   4   
00000007   -57   4   1   
00000007   -45   4   2   
00000007   -57   4   3   
00000007   -52   2   4   
00000007   -57   3   1   
00000007   -45   4   2   
00000007   -57   4   3   
00000007   -51.5   4   4   
00000007   -57   4   1   
00000007   -45   4   2   
00000007   -57.5   4   3   
00000007   -51.5   4   4   
