00000007   -56.5   3   1   
00000007   -58.5   4   2   
00000007   -44.5   4   3   
00000007   -54.5   3   4   
00000007   -56.5   4   1   
00000007   -59   4   2   
00000007   -44.5   4   3   
00000007   -54.5   2   4   
00000007   -56.5   3   1   
00000007   -58.5   4   2   
00000007   -44.5   4   3   
00000007   -54.5   2   4   
00000007   -56.5   4   1   
00000007   -58.5   4   2   
00000007   -44.5   3   3   
00000007   -54.5   2   4   
00000007   -56   4   1   
00000007   -59   4   2   
00000007   -44.5   4   3   
00000007   -54.5   3   4   
00000007   -56.5   3   1   
00000007   -59   4   2   
00000007   -44.5   4   3   
00000007   -54.5   3   4   
